Testing from : 20090423 to: 20160401
---------------------------------------------------------------------------------
SysName         Market TotProfit  MaxDD ClsTrdDD AvgWin AvgLoss PerWins TotTrades
Bollinger60S... CL         15340  54600   45909   1773   -2073    1.18        39
---------------------------------------------------------------------------------
Totals                     15340  54600
-------------------------------------------------------------------
Combined Monthly Return
Date         Profit Cum.Profit
-------------------------------------------------------------------
20090430          0          0
20090529       1480       1480
20090630       3110       4590
20090731     -10890      -6300
20090831          0      -6300
20090930          0      -6300
20091030       1210      -5090
20091130      -3310      -8400
20091231          0      -8400
20100129          0      -8400
20100226      -2100     -10500
20100331          0     -10500
20100430      -2100     -12600
20100528       6760      -5840
20100630       -580      -6420
20100730      -2960      -9380
20100831      -7230     -16610
20100930      -1940     -18550
20101029      -2100     -20650
20101130      -2100     -22750
20101231      -4200     -26950
20110131      -2100     -29050
20110228        350     -28700
20110331       8970     -19730
20110429       6640     -13090
20110531     -18060     -31150
20110630       -830     -31980
20110729      -1270     -33250
20110831       3240     -30010
20110930       9720     -20290
20111031     -16110     -36400
20111130       3710     -32690
20111230      -1700     -34390
20120131       -500     -34890
20120229       8230     -26660
20120330      -4520     -31180
20120430       1400     -29780
20120531       9250     -20530
20120629       1890     -18640
20120731      -2790     -21430
20120831      -9860     -31290
20120928          0     -31290
20121031       1950     -29340
20121130      -2250     -31590
20121231      -1800     -33390
20130131       3510     -29880
20130228      -5610     -35490
20130328          0     -35490
20130430      -2100     -37590
20130531          0     -37590
20130628          0     -37590
20130731       5540     -32050
20130830       2790     -29260
20130930      -6150     -35410
20131031       1730     -33680
20131129       4210     -29470
20131231      -5450     -34920
20140131       1150     -33770
20140228      -1950     -35720
20140331      -3890     -39610
20140430      -2100     -41710
20140530       -950     -42660
20140630       -360     -43020
20140731      -3280     -46300
20140829       -450     -46750
20140930       4040     -42710
20141031       9930     -32780
20141128      14420     -18360
20141231      13130      -5230
20150130       5470        240
20150227       -840       -600
20150331       4150       3550
20150430     -10820      -7270
20150529      -4200     -11470
20150630          0     -11470
20150731       8070      -3400
20150831      -1580      -4980
20150930       4450       -530
20151030      -1040      -1570
20151130       6140       4570
20151231       5930      10500
20160129       4390      14890
20160229       2030      16920
20160331      -3130      13790
20160401       1550      15340
